PERIOD=4500

PARTICLES.angle=0.0F,6.28318531F,6.28318531F,12.5663706F
PARTICLES.colorR=250.0F,0.0FcolorG=250.0F,-250.0F
PARTICLES.colorB=150.0F
PARTICLES.colorA=220.0F,-220.0F
PARTICLES.timeMin=0.2F
PARTICLES.timeMax=0.4F
PARTICLES.amountMax=1
PARTICLES.speed=2.0F,3.0F,-1.0F,1.0F
