# Configuration of Rocket
INNER_COLOR=90;90;90
FRONT_COLOR=150;30;30
OUTER_COLOR=50;50;50
PARTICLE_SPAWN_TIME=0.05f

# Sparkling particles
colorRSpark=200.0F;230.0F;10.0F;25.0F
colorGSpark=200.0F;250.0F;-140.0F;-120.0F
colorBSpark=150.0F;200.0F;-140.0F;-120.0F
colorASpark=230.0F;250.0F;-150.0F;-230.0F
# (float) ((1 / 4f) * Math.PI); (float) ((3 / 4f) * Math.PI); 0; 0
angleSpark=0.785398F;2.3561944F;0.0F;0.0F
timeMinSpark=0.1F
amountMinSpark=1
amountMaxSpark=3
speedSpark=3.0F;6.0F;-1.0F;1.0F

# Explosion particles
# 0; (float) (2 * Math.PI); 0; 0;
angleExp=0.0F;9.869604401F;0.0F;0.0F
colorRExp=200.0F;230.0F;10.0F;25.0F
colorGExp=200.0F;250.0F;-130.0F;-110.0F
colorBExp=150.0F;200.0F;-130.0F;-110.0F
colorAExp=230.0F;250.0F;-120.0F;-200.0F
timeMinExp=0.1f
timeMaxExp=0.2f
amountMinExp=40
amountMaxExp=50
speedExp=4.0F;9.0F;-1.0F;1.0F
